$ANSIBLE_VAULT;1.1;AES256
37313638363636633461386233613866656162313436383233613437366535646262393538343038
6139386563663361613336373937396236666261313564390a333863313636623330393137363438
35333138376164356237343565366365623137393135373766336337346364623133303665656462
6539653164616166370a386430626361316363643766626165633663343930376366653563373661
38666263623163303133343937363336616238396664383134333439623335636463373532666337
34623830666663336230646466626633653936343238316635616665393863633538306566623836
63313861316639643364666461346138646535323331663130616462336138626166623163393333
62616666396434373033656165656238653030323130643230346330323663333437396137313533
37313161623835353864313933383931343530376164636663386536613964646438383866623266
34306262633364616130656633613664616238353964343465396661663038643363323730323564
33633066303664653232363932656466366238303930343231336339663930636234646635313234
62323961316537653939373934326136333762396464353364393465663639316535323535373130
66643239393964333232623463643262313032656565373134323636353532363966636361663934
61346566393337363766393566643662343638633563373338323335646237666533666537623038
65663237386238303438643535326138366361333935336563353965353263393665643262303064
35313133373861633264333964376632343133333461363966373237313064343863393730643139
31336435303733656238363066656138306665313234613466356539333337666366373266316537
34663936343530326137623837643435343039653564343964353765303534333064373163303566
32666330363866623862396232656533383239653235366262616536363864303837366637393333
30373634306333623363616230646435343039303763356236323262623362356665626562666161
66306339626533363930663733656662636439303336323531376137666134393333326434633137
35313365306132393661373531643533303661363938306636633231666336313232333235626166
35366237323730653933616632373830326437376463373864373961343164633139663663643464
63663864326633333533383939363132623339373234336336656332613233313933363733373564
65346439616635373039373034386636393666363038393861626163363163663262313131653962
34623937663735366639653762363739626536393662633533353865333435313062333666316430
39306637346533656232366462373662626334373833313563393430373031653231303337613535
33303666306330323365306664666632303266353664343536663735383935353065613264623365
65313562383463373165633930313738383766313165656163396366613065376536333030623366
35666233643239386132643864363466303639633931323766396636613366666235653161313861
63623431656463646564343663303036393463613131316164613465613766376465313030363938
34353731613131353862636363323638396630643063646435633631323462666333636231366239
39303361383830653630656363303738336666313438653935613932373865643335313966323763
38663731363263656330623665393935346337336462306363323864633837336135353062306433
31666164373738646164653162653232383964363838633330343537663166636264303766636336
31356137633331393363333837643162633938396262636535613365326464656366343932636135
39356265663263376530333839316638363935386531366634306437353931373739343133356463
33356339343336393466636630336438396536343938316130356637303136373336356236396635
62643337663362636537366536343166653731313934666337373735363662366564653236616664
61343566313830626235346661323561636565353165316365623661336436636332623531363936
32373263616330323330613436313338396631323335336463646230306163313639653164653634
37633531336537643738343166663236356362366262613935626435643537356336323737636332
34656431613034313637323532623938666361613966323832326332363131313639303430646331
65303535306331333636663939353139623632383639336138306362626336333532623762323737
33656339613134376662316237623039323638326231653534303730353634326534333964666462
61613239363235353865633935313563326634306332626632613865363563366238386236323161
66653365363364616464633334326465333864653931363561363035633736366635313635363532
66333661666562653032666536393662383831333664346161313035303637366235303137306661
33633834643834323437633237313862343865343864633062643366316338336133363634646432
31303764366663313438383961366638643835306335323664303263323137336233636562636266
36386164356139333061356238616231323236373730613364306465616235383361343137643563
39323564636666613131333864393466326562653363346637623535376433366432636566313835
36316131306237623561323963393064643364373562323262666265393765353666356639323463
32356533383539633861386132343036306637643238336339316332366334653034653736623863
30393835313634353433386236613262333337343161386638636539643161333563666238343634
38376139353132383839303463383639636465613032323137653331313439376535353934656433
62643131643066343565356633373235303630386535666238656561343231373238333639396361
37336661396330663031636238636131663466383130346336663165343232326266366130386137
34633137373136646330643861623663653262643631396430616233343064383036326566626538
62313935373830313865313065323131303333613632363538343935363835383136653434623632
31623762396164353966396530326331313762663966636661643937653834386132633534613333
38366331363764636637383763326136363139343163333731303534313664323433323262343965
37306630306431333162636366373566303536356466653832353233653730386638336634653966
36396434393164646238373434323166356530636161333134643661343665336634383633643737
30356366623262623966383766366431376565333031333231376538623732663833376565393335
35653033656466376366346261366337396336333137313766333763663165383333376164373763
36303835356336666164313131373436363432643932343764666231333833653564323962333730
66666632656531643033363930613830366364623165613665666434353962646563393831373864
31656637353263303832346530383136653638306261613738613261613438643531356535393932
31366131333131656362356635316464396135323833373564396466346239306133303331353866
33643339366563356563313266633631666261393365393062623635623331386431656634323962
66613366323366363232633564343763613031656261613835326265393561383930313438363733
30313962663836663439303733623434333230613130333438653139393136633433393137396566
38643562643463303330643435363862343639623563333762393032663139303336333036616566
38326637326337373935333638656265386536633433383232303536383338323538626165613932
33313833646337636634366261653634303139383632663836633565323835643362356635663533
37353334643562373361653365373339376465333764313366613539316630646366383165336235
39366131633162346365363035313262366435353931383962346238653739326364653038636131
35326266346562653235653138663161333839353534653332363239323637303466643031666635
64333561393064386439363236313766653262663231393735613733393966343230396631363062
30643934643261303132313930613562623030613130373735373935613233386235616162646165
63626238366633336564633331393664633530396436343066323135643730306532323135396631
36646434343735636264343763393961353066313661636633363933353663643937363932656636
37386466316639646564353366666662623031633866663465386431393461353934663662383031
37303337383134393938363037623961333034643963326466326130643536303861383661343830
33373931656432323365313534303236393764313362643162356539663134396433623065623036
34336432396332376239636364363935656533346430623137346661383739616566373831333266
36643135616562386637323336393838336231666231376166616263356462373134336664363863
31366137376231623665326231343238636265663932653437346433336631636337363330353966
35353535393463303863363235343536356632333031396433623237343438613035623731663438
32623335653430326534323239336663326436653134653032646366373065343036366163623438
66356366613065623366633036313066646234303238336463656465363161366265383163306665
35353462333461303639313661653430613663663436393737363039366432393165616533633366
63343734323834633533373638363130333163346335373735623961393631333361613532316366
66346432663434613333393931333139656239363963306430323036333732313133626166353864
31366231323662333332613637313761333261366331396331643464343866646361643266323363
30393766326433323733613433366336636635316438303466646566306266653533663138646534
64323037646565383634313961643433633737643564656631643438613033613036636137313330
61663830386233666639396163626437303066613966313338346162316361646136303037383630
38616161313931643765316262383535626531636236643564656166626365646566633661646266
62343663323065363864303435383739323338353734383837313666633338393537353166313736
31663238306638643963646432343864393065336139643331376433373934653763383832393532
61363336313930316134663036333161346139316364376566616164313463306333633663646134
66396661623035653034326437313666396531343736306630363766373936613031643030343861
30623965653263356534623831616332633732393530303163383764326639323134643234666330
62333661306330356339383133313932366661316437373663613061313938663834383636336436
63376636643130646339633436613530626532653632653065356536333735303736303465343335
32386634666639646565326436366338356365633239653836383564376361373663306337313835
31396466643938323036383561366432646361623736626462623535643533623764343332626364
32613762333830336338383862613766633864333835356666306631633063623131393563376365
63383762653665666264396333323634323063346665663633663466323531336361663938333261
37386338343130343630663031623939663638663939623662326161356233613335633339373433
32666439613164336135393034323936313561373665306666666362313336323162373064636261
31386338376234336266383933326632336138306433333834303463396130663435636231636465
39343466336162663661323534363631306463303739623162373535373534623432623338353366
64306432303966623964376331366662383665316535386366316430333230313063306333633638
38616238353864393831313134396438393238396339303163376537613335653233
