$ANSIBLE_VAULT;1.1;AES256
30633061666466303036666433353336643765313538343762326231656638653333356438636664
3663396434316131346234663930393538316664643964370a396661393065326334323161613662
39623538633232663036623830666664303162316434613362616264343834303332633565313962
3961306339636134610a333664656633646135626465343533633336346537633465386266643237
64663335386565646531623565656534356636653763333537616437343862616661656364666131
63303664326335313036363666373034663065336465306665613862326535396663343437633434
66663638643562313934333462396632656461383834396463333061646262366331316639393338
66623336386162396433346331386135306434373465656662376561393439336632616262653862
33663332343434653365303638373963383036353634343632363139656634343265623963343032
31623739643663633064646261303064333466326538313238653935363464353238353039626264
63356266316231343963363135626135323633653861303662373833313234613265666465376134
37373833343531633131303533336131316138366636313839333666383032303932653461623938
66636439343438663333643365343130373064356131343963616634323635313133393361666463
65633733373630663262663766646664623538363336613138663465363430373335633631313733
38613633366631363865386130333563633033303532353031316534633331373038613636343863
39643837353239306339616133386561356332366665646163613434646533336533383461653662
30313139613033333735383266336432656437646536356639666338663130653166386565363934
34373265633633326636363333313666616465333537343866663931396430326137373936376665
66303339386533376666626130636165663666643435376366646438643664383737613465616432
63393530653563373836303531386639393738316561663838313733386266346538353161316166
39656130663138373761323934613533643161353436613261313164326136376665353832623866
65373065613730373866343261666161303964633232396234626464333663646561386536643062
62636238626537633164393532346635366231623934313130336563353934376132363265616664
37636433623538616164616333303363396463323162336631363934313631346263623363323863
34653734666664623432373534336563663462373530623466373332613638626138666664383866
62623938373965313661656663633738326565343036633931646633353462636166326234613734
37383430646166333639353839643231396661356235656434323637363035616238356635623636
61393964363736373463303134616132643938633064333936643865653264333163663863336564
63393535333934396237613135376536396139633563393534336435393134633333393134336664
38356630383232663734316564623730653834346232363631643032323437393233303662313164
34643333366462363839326137643331393830643235383539323165613630306366373364383539
66613330363239656166316331333461303739663434626135633238373636393662633465623437
39313264356434396531383730653939663136353964336531326235336161323632363462313730
38323139353731353631393062663733646237383164343938386636353333303566663339323930
36633965316364656565383635323461336265376461353266313637633364646562396665613837
35663538353035306661373133303036343839643732333365376233653961353337643562393262
61636662613734626230356239386362363961383766313334393037366537333439373936313335
36343566333962636561653064623162313832643639333337616537356337363966383832336366
32333333313466393961613938326132383362386135393062663335306334663266613739383935
65663963333565386539353732643735316564336536613537663634353836653738356236663063
33636435623232303030363837373566616332346539346139663432333664613466613935326239
37386463323666653065643031353462656537656530366662613331333531386339386261366130
38643835353434356662366139336632346561376539656334643837663234643361666336643861
63333131663838353635376336613263653537383534333462663236313337623738366536386439
30326435393034633738303133343962316638363431366465653231356134313563323163353761
30633636356166336463356163343665346433663164616365636663393935636639333665393261
64316664333132633662633932636636623831666564306633383738323566306665363938666333
65636131373534316435636562633564393965613834303863613962316537363437373130373861
32633261393964386633383233623164353165373733323938376266363134386561366233313739
31656437613534653934623431313838633734306563306162353865323432636439613562363632
39343632343165653065656536363733313937643366643731343733323437356461353665656638
36316534396163383430386631306466613763383032356531323063383966306435396138623131
61613139646130643861306630326530323837663563356530626161393263363436663765373030
39323763333035376466346535363266343665333361323532383966376236313435653031353531
31353263393837333935343332616161323631613034316566323933313332636266323561346233
35336466653162646134663234396230336234633932333239393531316139653962303535343831
39353563653862393037636132346139643165636232613035316366326165373064623933323465
37323965336234306464343837636230396534326562316239343766366639663030396337386336
36303438393830376264653937346233306435336238656436343963353338643937643635633534
61633735396531333532323761653439363637613562626565663062353038323665316632356139
61373861333164363130663661383232333132326435653962376430373363666165343532613233
38353163343237353266383938373866633663363639323935363564326662656138316261656666
66353439623130356438303965393431323830363837343661396165346638613961636465663237
63306532643235323935353935376166326236386663333139373739623639333239303664373565
32376161396437353036653033663233303861653938366432656563636363383063303465353634
62303566316537643135356238303365376165616639646661316335336234313232613563383138
35623530663637363831623336393261303033353238326530653036653466393964643939666266
30343865336537343765643035303565356437353936323530313262326538366234326466303365
37336434353837626565316537666530653631333730333236643134633063336137626330373334
64373734366363323861363435633433366164623832366439363332366362623437326235616535
33613836376138663165323435636235356332333864353939666330663262313236333738333736
62636664393862313962646363613434303638313662373930613630346164653931383566313336
39656461393035366563366663333766393037613734613032343639363061653336303564363163
63323630383831356465393862393266383338346234623463333166326265306533643665366232
62323237363762323631653039666439373932653935656430363231306535623834623739353130
36333137643464313563363930633932343233383964636435333030303739376337383532323539
34366231313037346264633632643836373735613137383737643332623061653566396538663331
64633161373234343262343039626238626130306362376237633938393262363533353836653665
36336264643361633830663930386262376532386665363261343861363731646439306636373138
35343431656165306430346636666336303661383439306563386334633038626437653732343139
64646339376231393931383466616462313736666436646333646331643466646534643162303539
39316334373635353535393762356137613439393666333731333837646633326132656439643233
33373664666665356263663766343132656261336463653131396563636461336163613934333166
34343863653562363130376263313138663830386536306165653037616636633662323239356539
66653138336166303563356364333035343663373936626662616333343963633138656661323739
36653132343431353835643835333133383663663966633034353737626537393636623865313262
64366236343262653765666432363361393266636437366633633430323534396539643164306562
61623264343935346333613666353736353831633362613565613163366532343362393735613862
63653436323966353537343937353232323834323237353766323064613436383137383338333038
32376463643939356232636561613663323434393538356638343665393134633639393964323364
31666332633935653635333761373435343661623237653739623032353837353765303130316332
30303661323936666363323561333539646164653934383433306530613663646632363864626334
63656666633134373161653665656539613565616538336362636662353763373836346639313761
33663131333365313232326565623530626139646463373363643361333362616636353765653065
32616132626636633838336130333339383632326137646235353732626139313734356430366135
65656166343136343538386539623832366664343961343839333762666366346361323234383839
39366130343530343636376132376235316533646132616638653863343434383635333239616235
33383635343265613533323736643562323535626362393230636430396564396434653364393565
39373833336663306338646661356264653134376331373538373030656262323964393435333733
32323530363766326631353664626633333363306164613362373762636238346566303334666235
32663237313531373036653731383239643339373565363233666434623763656630386637643431
37323933386564363761656534633064646161353435643666346636313439393530616232653439
61616163323037326632386363646332333666396238343866633365323337626331383030363766
32303135316263636433333230323332316166653233346438383333336631353861643338656134
34316432613565363934623164323236386136303539363263346362326632626436613938633363
35323262643661646330343330343566313265363438633735353931303862666161353830353431
37613266313338653832613266363237323337636534626666346163636431626263346666323539
31383433313034306431356139633739393830643466363961393739383230633734376561373037
32623662616436336438376564323665363730303261353534643535323939323035656262336232
62336532383733656263366132663865393033323135303634373262336663653739386266303862
31666238353431633663653364636261656135383532383130663263346131656265393264363239
66663331306365386362383837643438376366623764653563653735616339626663363732353836
35306266356661316565323264383730636464393333633130366333353736626261663736343738
39653733643063323933343738646464623833343437613262323631653631646238643436643138
62343561306536663439316438313236653163616435363464373865336563666566323536616532
63306133383965373965336630636364393238633165326539663361353264623130643464633132
32383232643864323561363236356461383866396434343130353531393161393337303133623832
34396531323435636164373365383032363430356636626534393630613632613231366634303335
32326565386634386231653965653365356638303665356361386536326464623138303835383539
61633838343130376632633833376365663864386236373539613335663434363362656661306562
65623031366630336263356236373065393834643032323836363236316230326433346532323362
61633135373330386164396633313936323432386465353133326238353665316130633861323630
61653164323865313561396432346634393132363333633733393638633165643763336163343032
30363262616438373039346661363331666365373031386437663036633134363639346561623164
37653735373363653736323335613930636161643265653637366632626232306133616163333930
33323663393261326139626631646534353639626563316538383361396334393930323637353238
32643331626132353331623635623462363666396366653665326564386662653438376663346638
61343232396564396133363838303232353534623138343465666463316130643535323931323862
39343436653230366365333232336133636561373934613432333530336431643134303663666638
34373634613339356663396463346465616666633464356637376236636630366630326566656631
38363763666235666662643763306239356461646338346462346463383831343033326438663133
62306565313862333063633362383062373362346532323139643462386261353939333933333837
31656263616332356461633334613964306539663031663366623162316437653735323836393666
32643461663430393838326566353937656431343731656437386365646463333165303630336534
66623538333562373333646538313965666163653662343230323333333830613134383261316636
35626161636436313165323866366137393138623266373438363338323763353166333636613036
33333861356262636634323663313666616333663136636339306236373461316665663738323034
39303461653364376237383039386334393239613862376161346235373366306630303230623438
34333661313430336365613938326462383963393438363637333137356339663630653766336566
38663132313233613962376136383836333338383733393239383331366463363364386566363064
61343038376137363935333662393836353464396538386262396363333836316665356432353266
65346236656665343332336137613430663865633663333666396465373061626139333766323932
32623936313739633135333834656137323061333530613964633230646435343737353133666266
32656665306232313762343233336330646638393131666135623838393037623062623837346137
64653735663833356539376463333165646532356133333265373863663132396132393861653135
35643831333435356461663761393031326665376231383261623861663231333763653266633364
38373437393134646534353962336464366663353464326662393233336339343362303836396438
39393162376335356336323733393262663766383337353664636439373337313861613831663535
32383666656164623632353765393465353831633533623030333363616238363766656565616632
39666366653563623035636639343963653464303465616330616335613562323233646135336239
66636466333832363936353230376631313335643631306361366262396466323662393531333532
38386137326233393863323536333232633939303939653831343539653831383736303731373432
32333335353232303138343966633634326636323465623637383465646531323461393035343332
65323561333738666462653230306533633466646261636131383365336332636466306535653065
33336561323930383966623234396133316465323935393463386535303466396235393333366462
63663761643030663535623162316336383662623463353065356631653932336332383232663935
62323036383832666636386566616534623061303537306336316261336330663031363964386434
61356632373562383930386166393631386137363234663730623534626166303634396133373230
34373736393330646336353462353438623631303363393535356432353238636162366631333637
33353833653062316534656538343938663162396338343238653035366261386635633631396134
38663933643631303033333161326530303863396639386335383461613233636438333661373833
65366333616638643863646664313663366537353861383335396434346132376233326133616530
36326562343236373438663432363432373866353637663365373539336161613364366638653266
38323739383232306231636333353462373637643862636638346164383563323731306636316165
30353764383966393535313261616162323233306138636635663338303034366262373636396364
36303362323535623437383534303838323364396164306432346463636631643866346139386531
30366535623733373966346533366439626464356134336362626430323865313563373335353733
31393766353166663132373332353430653233353732303536633438353031633030316564356339
63656339393464366632666231356333656236666139376134366336663332396130646263666236
32613562326338363733376531646462396633356636393433303631616561613730616131386233
30623062353466353062343562383235333865616264643732623335393462343262343965376139
34313461633236313035366565306433633037376331303162643435633763623530316332303865
37626437653966623933343461613230653361306362373263373362333333316436646138333836
64373132373233306533636236396664626664373632373138383634346537353932346430616437
64363638636130623338333363383435643564353131656663366665313838326438643838336566
39363739363039646238333662613035303430313534353963393730356164333062353437643237
62663666656134653162343662326331653563373336633963356537653936643132306363363764
38306635393239333164346338346534396663353836303936663739656335373738373033333264
37336165353932346166383265373134646435343166323265623633383939306363303766626662
65623935653936653232333066306134346439633637623664646539353536653637386366626132
33393962346531626630313662376131303637373036633831613434346436313536653766316536
38366635316330616332353332626664633339383563323464313231623134646132323935613665
62636230396537626562313736643464313130383637303439303335656131646538653132653035
38306262666662383065643732396235376265656631353831653238666263303461653031363137
39663265386138373636313536633863663466396266663866353435393236323135636662373361
32323462303464336536656265326631333534643266303537343264633962316136316630396363
63643632656264353433346531663561393561333966353761333936646636396530356331363531
66353966656262326634316130663837633934343731643031656530613832373531386165333365
32373633663232353030373338653834303937343130323233613964396639626639376638396630
65633730343364626563306333393565356363303630336538623761363034316230633539303935
30396662356334336537313332303839613531653032333066356665626436623732303465396432
34393136636439626465366366393963333337343162313063646137363836303463663430383433
30643139393630396665353432336538373765363938633562666432653265313764333236626637
39396532333662643563366166366661656363646661323432396462666430396130663162336239
32643266313838313937386638313636306138333966646637633538666563346461333561653765
66323733393935653765363262346232633634633732383636623564613966326463336637316435
63613730393636616332636637636566666235343664636639303961623130376466356262313038
64326231346638393166666233336164326437326161636362343933393034383439646134613235
31666139626430383035616539346261376638356632666461326536666538383030363837653130
31313534396239363534336362613236623061376365373237323062356166363966316563396334
63666430303266666338666434373135333635643839306635616666383635633931643863343239
30393635373033396337363461346661303238626166346261613038646662383538363163386666
34653730633333333366386132373830636664633365306336323633353939333764363934363033
37313333333763633831363765326335613363633063633030393633636464613164316231393133
63616531316539663235386534353136393235303930366332613431643333633339613531323135
63623164303939613561356234303537386465613039623833396634373637326162643633373438
61643731623230343732383337393937373630303761383364653864663864653766623362363934
39316639353162313464323936353234643766346637326562303331643465653332316337343130
31643535306466346639626164633632646565336261363264653334323236303931376139613631
32383139313765396365386461336638356332383631373739363533373137616439353034306439
66663736646337386636346134623430373063656233303930343738396562396330626531333063
38656633363862383363633831333131663734373533356563663438363638636632303539303761
62316232356133346634623234623735356262326237346433383634613635366263366135656230
34643433373435353439323332363261396564333863316134303333376163636438346439383938
38663939653961393966663637623439346661346363383931386431303533306539623731366466
31393435313137656231336337333165333335636135323133396231373863666230616135636261
30323363613033663133666538626466383436313137343837623930633462666434303230636564
66656362633163633233613031363932643262353031376232366132346165646362653735646139
38643036633538323636326663623461396364653635383138383533643537663732613561633562
33353639663065383737666330376336626337656362353337633265316363636138353437613563
37356662333564653433363236316266346361663636636335343831313032313638353735326138
36353066373065316661613565343835303637653035623061653739366230333734663136303361
61646264333134626138303065633436343866343663383761353337343036363139386364313066
61646665383633316463383061663465346433656164333433616430333238646563383162626432
36376535373761666263363930316139636465343231383231383935626463663965326262316461
61393366303437333037373338643363313132656565336636636536656637336537383764623230
37396363316433343535393734396533623763346337303164646137643535613361613930316662
66323034373636303562363638323136323734306565396630663839643032353433373935663466
30616566303533343234613134626333363562333937653536386638303734383939666162333131
36383465373830306532346166656365306166616161336634366261313135316235323565613263
32343336393030386365613833636134383839356536393965336439303734663332333966306534
65306230343938383539663663656461366562663866623361623436306633383039363935346436
38306434336332633033633134333661346337643364353033363232326532343162303135383933
66323162303238656264343461343166346165613963616161303461356566383630376138666139
34316162636639316563343439323037393430323532653065326538366532336566613165626234
39666438356565353639333131616161333938666634316666333264616638336138363833346166
30363961353761393230636133623264623932633338376561396263303063356630383334653030
34653435376331363761336330363966323730326335336234333863616462643861366136383737
66616534646466303631356565393463363366663638613130366364306435653139303537643464
39323031373962316461616336386566363733373431396165373832386334303134643662333238
38383236346639343865353434666166653963323831323238616630343562616362663161633331
39626363323831323639336366613663323765393133313935393562376562396237386635313236
61343731303062336538393466663462366466366662316463376530386635666535656230636139
61333761613634373436356463656130323938303462616164313363633265386332386462326134
63313865316436323437396236393565643536633435396634363431373235643134373831366361
64333466373065343830386262623464366161373237333839306330303465666432363038643863
65303063366663303937323438313036313331356664376135393737313565393862636138393136
38623063663465616432363638386139363366383834303261623336393962626632396438653339
34386233636337353336353638306663343035323538383332346161653461636332316231356262
65636662633364613865653065653763636131633364373237356231386331613738643935366336
37373937303832396666613230316662646561653761643834623165383865653833346663326433
66376236386165363730306636343762383066366365306133346366666239373135393738336665
32643231666130653237333066343930626538386663623735666633343165306262623531613161
36393035663433333734643231336638376634343965326164313266613132643764653231353632
30376165656461366466373437316533363036366439373261616236356566333761343363643736
66313561666334616462323430393835366536393930396164343433303233653666613262316362
37653661653463326633613561663362643233383533613063313030663630643665653863646461
31643339303764333137646432303139316437323033383531306532306236663563663633653632
66343730333237303434303161333536303535353538393964396539333765356630613138306433
65656464336166393765343531313266383432653038616333346230643263363434363334393065
61643363653263383335363738653266373661653934636632316364653835623364313439663030
37376538303530396230343737636663623564373231343064623161616266666338393766353561
38326432366631663663343138623236353738376632393266333662316630326163363836663534
63623861383337346265363130336138623837363836373163396161393637346262383161356535
61333230373237623766323739306437373137313933383837636232383939386263336134303366
37613865323839396263346138633538623533383233323965316137366166653535383839366536
35656234336565666265656332623261643834323130643831613739646362303964346532366465
38376338353264363963663066326466643463363437316538366333666133326335306339633762
61313662313464313166393837653333336163363761616339633061663862663435356334393061
64393865666438366362633430353137663339323165646139663239363038646561363436626333
66356232646434323933393561643336383931386561326437633561663730613966326637373461
37393233643365656363373765666331393133613235303864613463323165623261646431613033
36353666383630626435353434643166386531376463366665373832393032333239313339363337
63653833636330353832363666626562613230646436643862313034613061613566326137373663
35653637613531366561333133373161613961333436613961363638313765393062346661653935
34386463356434313064663731303432363236313164653138663863353964663063653037636134
39653534663265353561333465363730636331313463376463333231323931373165653733626236
38616434373039363865366139623837306536633932656130376433393463363432303962373665
30383366353461633835363061616136393131343435356437383537623331386234626562386366
34346436306639666364366161656564393562653835366633613735653265636165363434373935
35326463323936643964353736336539386235626366636335373735353939356435623265316264
34623032646436656433393930633031343732646265636665316366666133636363663739386239
63633862363638303335353730363636633839306537323438333033646431326264376661306363
32336639653337633863353130343537613534366461366439643638396233373133306435346638
66353936626633353237663564353461383062623464383161313835313432326165303833376261
39376665393466666366643236396665376130383338626262396463343163653266306365333339
35346534623165383164613936353337376231373131306634653338373333613966333530666236
31643735623133366236643831303166623664663963646331303765343837623131653664623730
36356231336461626337636535393561346164653062313337353865346666663834623031326363
32636562613966353632376266343264333431386236663634306631663335336134613233383661
38656537383937623463663866386132626163653463396236326437643933663138333830643634
64626433376161383035303239653135633264633639336436316262636364656532623931623439
34656138626434373537653937356238623834336639343463623963643531346539316130633266
66623764396538613936303534343033666631656465303930356165353863623832353038343766
62666534363832343961656130383833663762386434323031646266363865356331356563313439
61386265633435643461623264343931643966396663326434343834353239353464356332353764
38646466316363353865643733653533343566323638333739626536646363343133353930373963
35356638343663336564313765626639636130303134393861663866306136323531623163656633
36353665653765363466326239356538616364396665306335643739376232373532633134333961
37363537653330396433353134363530653433396635363337396166613562303765313737643432
65333036356337323130383731363731366663323637373863366335613830343833303533643532
34643763393033643738306134633337333562613566653564373361616437663432386532666130
34613837666535353536326464376265363038366161336363373963613664396538326566306563
36323638653934623636363366323766316233626339376165313039316632313732353037613364
35353634356364653231346335633864383465353735393938333434636238366464663961346334
32313864626637626666333361653133343465306364666165346233353235616637653432653062
37386633383566313964393530663564323935663961386562313639363837653261623236373235
61323965376133643833323838613465653233613066643330646435366465303362353631363537
36646537306361653866656433663761346533353836373964313234363335346266343539666238
36646639663534313130363166643732383039646436363261373030623661376564386661376561
64393630356166616238646433363633636434616636316565636165346365643333383536326131
35623631373234633137363965333235383163373661353866396231653265646633383639653932
31343034313133613238633061666434633335396239313631616236613766616538613632626466
30323331656632653461343966633036346461623338666366626432316661353538346436313032
66373133353535626163653932656235616166616230333334393866343433666133323534366335
66636137353435613863613966353334616164346665363063373936326132336433613462663565
32623566383861343639306163666332616438616432373839346565383331373738663166663534
39343866636436306636613866353563666239393835643431663139636466666564313333373261
34376636666436646464393363336533336366363831643063393237653462386534623839643035
63643134643837336532623539366563323133643434653033303234396633313162323261613364
33303066393164333763363836333763383530383563616230313631343865633361613364323465
37626333386164336431333537333734346138303565376233376130666166303566333632346135
61313233613961373162373437336363343861626231623033623663373063666633393237613662
33343733393137636562303135326638646531343763626439633835323932643833313864366338
31316163666162323965633164623566653164343530323130383434393439663165643538616337
32376466323932333830646139613031376539376232353937373031326631613731373764383031
65313464346564663635303539626134646561393931373936643130326433363035343130326534
32663235383732316238613866333562376563633033303233633736653236646131646566646562
37643635303932343861353066666136383733656563636230383833313036633135303631626531
32656239636538353634356335326462626138323966333835313931323336623562383035613930
62306338333464616238623432303865356265353733653737373463383563323538383166366433
37626166653739383633323531386363333362376638343964653333346535646131383631303936
39663235643734323832366334643634376236653236313266386565366632646332393862313736
35326461313062626463316231373139326261353963303764636262666265373665363566643862
33666166323935353564343637323435326263366336303533636135323936663866653039343530
37643738373962616665303933303465626364633632653163333133636264643739346632616631
35333064336339373734666365313665653330623236663036366534626634613133396239336630
34373037653035646230343165353435336330353535613531663264333437663763336464356264
38386665303538353537316536306663646635306661353065616537316361383534643436643637
31633565376665663633323332313261323864366164666630636263643232663837653431616433
38376334313762636434353861663937366436663233393866326531653733636639323034356239
32616665656434663732353531626337303862336434343562353735303639316164373739313739
38626462646263346363373232306466383365303264646236393734346164633735383066303931
61626236376333303366386434393562333634303261343933303130343134633233616539626335
32333034303931396331653265653662323437303935383064373737663937626339366237306238
38303338633938663361633533656430363965636636393732636337613661613439613038616133
35343664386636626437373532646664363162383464373665656132626333303564643233316565
66346132396438666331306666623336623565616338333865313661393434393937346133316433
39313439373862363466396432306631653665396530383736346461646139346566396639373965
35663735386632316164363931303634346661366566363438326339303665326536636333313134
37643962363766663131356565616537383765623336333764333531336563623562373863663063
38376438626162613633373365633335316636346631326363633236656230643437656562343934
62376232626363653039626634653263346163366532623230353739306465633064333036326339
61626162663831646639316131376630636566313336383037366361363930303734363032323838
34633236613831663034366239323633346165366362393333303634656665313831643664323331
65636662623132313866393466316536343262373065613764303165656232353636306533666238
34393434613037616166613466373065656135653962653662653062336130636564623938333138
38363430616338663131353636653430643161323563346536653664346134633631316232366665
36353365643732663838336432336436633364333332373032653732636561666336313438343966
38623633336462316333316234633430336364396661656161306661396237313961613739373263
31646332396639653830623536663466646535633334653735636365333734373630336631383131
36383137306639373735636530333763643233633535336534646637613734303932383637323564
33373030613864636438383439326264373039333663373738393332306339306631353632666535
65343133633139316464356231373036666335343132653132336361383535616363623737323739
39623537626466656164306666623136633062313931383130343931666135363437323237333833
35616662613965393031643139376663383432303563613730386565383334613166343537316631
62386339343635616138633130333131303863336232666235323162633136353638393337623161
36656164353332363031343239633062383566393635333437303333303134356533623337306365
37656438356239383735383539363931313363396639386530383231626166363438346666613462
32366130666234643734623134656264383862633666616465333234316663653162343466373862
37326133363663336661313936646466323136666364373365393662346530323430356435646462
38396264626135353936663261333266663237313934383033646230663430653036336161343232
66636134613235643436633361333061623163613238323633653063363439346133396166396530
39323239616332313065626263373239326135393335376233636361326238386533383462623932
32363466383136666434353963393233303239616131613733353764393166303233323631326166
36396635393835323031666665316366666231633434356566623437646334343862353231393335
39623239396234363738613662326235616666363266666365356665316430623939373334333731
33643839386233666634383938346237623333323438386365383961326638636662323562623538
66663439313363666566376431656239383537363131376134383462396566373338383333656535
31646631613965613438343136303062386362346234393836366134643630623134393535643039
32646662623730373165373833313862323165656364616666326365336339653931643531663734
62373332383866373231666337323135393431666430336633373632633163613438373466386561
61376536356466646433376236343630663261376235333637306132333463343433383663663934
35353363633232323232663738386238366632396564306634313333643934353066646237386261
39363965303361383666663637376538333134613735343638396130353538316262363162663965
31656134323731306262336664633636373663653237363737356437313165393864636261306136
38326639643863623633303866356166326664613436316333313136613536643766346462666662
30626463636666613037326335336432386136646637343938626264313764306663363933633537
65333063663233663362373833363062643365363063356334343836636431366661373837313334
31616361633939316330306533383730323664666431346262636463326263356163356166303264
30313337656537663738383063303934616232383466373064643464343463656663363730336665
36643432633931316662393931646262393531343762633364353131336466656235386234313539
32646164323139646630623832633134663165393363376564656637623039363433626237353934
32613363613232633734643538613538653038623066636130376363633366356338653366626237
38383836663336623262313965376165376663313462396630613530643465373137633630313930
36346137316132396462353363613362663963373337633732636235343432356133656364663736
30363339633832363338336564326164643530653963653963343039656432353964303463653265
32376161656666303139636265363237366639343661336339653562393265336333633264376434
38353930376637636235656130393665306534346365353765333830396530653334373765663761
66316461363636633738623631353863313938373539346263626263323437646464336437613963
30343633383863663431653236303739353436653537303038613162623034613738333938326265
35373065306565313263373130383562323035383562356335383539336130323731316161633236
38383032343665616563373464376131663438326438393661353335356161376138353130656562
30333339616362633165373434376330626337653235326337323131393165376365303136613765
39633632643565373533636335306463353565396265306135613964653332383633363036643738
32343738643963356463323734376263343430303561643732373833326561396565613333313962
34343033326339323635353961303232356465323636613636616164366362656164646233666335
64393733306466653936626366306264313863323235356430323031623737316663643964643937
39643535376432363635313335626161326566656230626661623861343238666462613836636633
34303230356562383666623630303530653930663735646635383965626464386663356135323165
39636339303166393261333866616235653163353461373132383863366332646661343039663236
64376331363937343564323533666133363134383037643330366631353032623036613531373533
31343864356662656131363664653831343434343030616139333931393433313062323566383964
31633764303631623563323534643763323966656639633861313739646332303334386631653762
30656138623035353732663831663535343337386530303764353734396232626635393864653461
66366563303239633664633666646637663335336263393566393464313732666535393366373637
62623762313736356465383839613837376334376236633434343934343063383836363837313336
38336238633965326662326530393336653639303636356435333333393238363730376338643538
37663133666433356464303661363163623766353233636530656536663431343533313338633232
61363961643862373736326434343261383235353432333531306664313637366534623263666366
66616562646166626363366265363363376635363061626261386232653265303330386466313265
31626233383161336432653561656137383265376465646163663062313830343737623962313930
31396261306464353331323166336265333062623062393361623563663933393730363235636363
63616264376436636532656632663733623064623464616235333535616434323539626238393138
62353433653935663263653938616631393632363463643738373663336666646437353261653362
63663432356661643437613531333365643964356336643463616131663861613030373832313161
65303834656666366537363265323037663935376638633035613430386261376663396163633237
36386639646465636436616630633762666633393265633633396365643337373639303861653762
37643962396466346364666334643331383132346662643731343132623364613264306463636165
66366462303763323438323065646135653139336436366430376263643535363137383736646231
34303630613133393430363030343865386236346462623732646662306338383830336434663764
38373064333164633033373439396434393436373036333864303632346262363266303338353931
34373466396337386335353535303833643366323130653863383631363333666266363162316262
34346465373362623664393535303364376332373761373661656130366362313662306539643164
34373563303239313333356136343865626664313766626638326165656663396333323663656166
38326664343963303661623863333037386233393062396439396530666166626165323437653935
33376132383131656565303263336434616564333162346538316538363031306134366330383933
63653965303566616632366261653836323361616263323730306261303837323163396165373664
62376330303135343263613739353436373838613064643330326334393337313934343837383331
37623836353431363232373564366266323432393266383864616630383238383238323838656537
63396566623234313262356562656430343230623563653130636564643539303834663638663434
61623530393331623461613039643134333036383662313232646232646231613631623737653463
323930653830393337316537306261623131
